48 733.83
49 736.64
50 736.67
51 722.00
52 714.33
53 712.58
54 707.00
55 713.00
56 708.00
57 720.33
58 700.75
59 704.29
60 710.00
61 714.25
62 702.43
63 697.89
64 694.92
65 695.20
66 683.50
67 690.00
68 696.00
69 685.00
70 686.00
71 680.00
72 670.67
73 673.00
74 664.00
75 672.83
76 666.43
77 667.62
78 666.67
79 659.60
80 660.00
81 670.00
82 660.00
83 665.00
84 660.50
85 663.75
86 662.38
87 657.86
88 660.43
89 656.75
90 655.83
91 653.50
92 659.00
93 650.50
94 651.75
96 642.50
97 637.00
98 637.50
100 626.00
101 631.17
102 630.43
103 627.12
104 627.25
105 623.50
106 625.33
107 626.20
108 627.80
109 624.00
110 624.25
111 615.00
112 627.11
113 614.25
114 621.20
115 616.75
116 618.50
118 622.00
119 611.75
121 607.00
124 600.70
125 593.50
126 603.00
128 587.00
129 599.00
130 599.00
131 583.50
132 581.50
135 578.00
136 578.00
137 577.00
141 577.00
142 577.00
144 574.50
146 571.50
148 569.50
150 566.50
152 561.00
153 555.50
155 558.00
156 558.00
157 552.40
158 561.00
159 551.50
160 562.00
161 561.67
162 562.00
163 552.50
164 552.60
165 544.00
166 555.40
167 541.00
168 546.75
169 541.67
170 551.20
171 545.33
173 550.00
174 545.50
177 533.00
179 537.00
181 525.50
182 521.00
183 532.00
184 527.50
185 524.43
186 516.50
187 524.60
188 515.50
189 526.00
190 526.67
191 528.00
192 528.00
193 508.00
194 514.00
195 508.67
196 509.00
197 508.50
198 507.67
199 512.20
200 511.83
201 514.14
202 509.00
203 515.50
204 511.75
211 498.00
212 491.00
213 488.00
214 495.50
215 490.67
216 493.50
217 491.25
220 488.20
221 486.50
222 489.33
224 481.67
225 480.75
226 476.00
227 475.00
228 474.50
229 483.00
230 479.43
231 481.50
232 475.00
233 479.86
234 477.75
235 472.86
236 476.33
237 475.00
238 475.00
243 461.00
244 459.50
245 457.00
247 461.00
248 461.00
251 465.00
253 457.33
254 455.75
255 456.00
256 453.00
257 449.75
258 445.67
259 445.00
260 443.50
261 443.00
262 445.00
263 445.80
264 443.75
265 442.50
266 448.67
267 449.50
268 448.00
269 441.00
270 439.00
271 437.00
272 444.00
273 440.00
274 439.00
275 435.00
276 435.00
277 434.33
278 428.00
279 437.50
280 430.00
281 428.67
282 429.00
283 429.80
284 430.50
285 430.75
286 428.20
287 427.00
288 430.50
289 425.67
290 422.00
291 421.00
292 419.20
293 422.00
294 415.67
295 416.00
296 417.71
297 416.75
298 418.60
299 417.60
300 419.80
301 419.00
302 414.83
303 413.50
304 412.67
305 412.00
306 410.75
307 409.67
308 407.67
309 407.40
310 407.83
311 407.75
312 405.50
313 403.75
314 407.00
315 402.67
316 402.67
317 403.60
318 406.00
319 402.25
320 400.80
321 400.00
322 400.75
323 399.67
324 397.00
325 396.00
326 395.50
327 392.50
328 391.00
329 392.20
330 392.33
331 391.60
332 391.00
333 386.67
334 387.33
335 385.00
336 387.00
337 388.67
338 386.67
339 387.40
340 385.50
341 384.67
342 385.60
343 378.00
344 381.80
345 383.40
346 379.75
347 379.33
348 380.75
349 380.00
350 380.67
351 378.50
352 375.00
353 376.00
354 377.57
355 377.50
356 374.67
357 375.50
358 376.20
359 373.00
360 371.00
361 371.50
362 371.00
363 371.00
364 369.29
365 369.60
366 368.00
367 369.17
368 367.29
369 367.00
370 368.80
371 366.67
372 369.50
373 365.33
374 363.00
375 360.67
376 362.25
377 363.33
378 361.00
379 360.50
380 362.00
381 357.33
382 358.75
383 358.25
384 359.67
385 363.00
386 355.33
387 354.67
388 351.00
389 353.60
390 354.33
391 359.00
392 351.20
393 352.33
394 352.60
395 350.80
396 350.83
397 350.17
398 350.80
399 349.00
400 348.50
401 347.33
402 347.33
403 347.75
404 345.75
405 346.17
406 346.20
407 345.00
408 342.25
409 343.20
410 343.75
411 340.14
412 341.80
413 342.20
414 339.00
415 341.67
416 338.25
417 337.50
418 337.25
419 336.50
420 333.67
421 336.00
422 335.50
423 334.75
425 334.33
426 333.75
427 340.00
428 334.00
429 331.75
430 333.50
431 333.00
432 332.50
433 330.75
434 331.20
435 331.12
436 329.00
437 330.38
438 329.71
439 327.67
440 328.75
441 329.50
442 328.25
443 327.86
444 329.00
445 326.43
446 326.43
447 325.67
448 323.60
449 323.25
450 322.67
451 325.00
452 323.00
453 323.00
454 322.40
455 322.00
456 322.00
457 322.00
458 323.75
459 318.25
460 315.00
461 321.60
462 319.67
463 321.50
464 319.40
465 318.50
466 322.33
467 320.25
468 320.00
469 320.25
470 315.67
471 315.83
472 315.50
473 314.67
474 313.75
475 312.60
476 316.00
477 313.86
478 313.40
479 315.00
480 313.29
481 312.86
482 313.80
483 312.29
484 310.00
485 313.00
486 311.00
487 309.86
488 311.67
489 308.67
490 305.00
491 309.25
492 310.00
493 306.33
494 312.50
495 303.00
496 302.00
499 302.00
500 301.00
501 301.00
502 300.00
503 301.00
504 300.00
509 300.00
510 299.00
514 299.00
515 298.00
516 301.00
517 298.67
518 298.00
519 297.00
520 299.00
643 285.50
644 286.00
647 288.00
656 286.00
657 285.00
658 287.00
659 287.00
660 289.00
661 287.00
662 287.00
663 283.00
664 286.67
665 286.50
666 285.50
667 281.00
668 284.50
669 287.00
670 283.00
671 284.00
672 285.00
673 281.00
674 282.00
678 285.00
679 286.00
680 282.00
681 287.00
682 288.25
683 287.83
684 290.00
685 286.67
686 288.50
687 289.00
688 287.00
689 286.00
690 291.00
691 288.00
692 289.75
693 293.00
694 293.00
695 294.00
696 294.00
698 292.00
699 287.00
700 288.00
701 292.00
702 293.00
703 295.00
704 295.00
705 292.67
706 291.75
707 292.60
708 289.50
709 290.00
710 295.00
711 287.33
712 289.50
713 292.50
714 290.00
716 290.00
717 291.00
718 290.00
719 291.00
721 291.00
722 289.33
723 289.00
725 292.83
726 295.00
727 295.33
728 295.50
729 295.50
730 296.00
731 294.00
732 296.67
733 296.50
734 295.00
736 299.00
737 299.50
738 300.00
739 295.00
740 296.00
742 298.00
743 299.00
744 301.00
745 301.00
747 304.00
748 300.50
749 302.25
750 300.71
751 301.00
752 307.00
753 307.00
754 301.50
755 299.67
756 305.00
757 302.50
758 299.50
759 300.33
761 307.00
762 300.50
763 301.25
764 304.00
765 299.33
766 299.00
767 300.00
768 303.50
769 303.67
773 305.00
774 305.00
775 305.00
776 306.00
777 306.00
778 307.00
780 307.00
781 308.00
783 308.00
784 309.00
787 309.00
788 310.00
789 309.00
790 309.00
791 308.00
796 308.00
797 309.00
798 309.00
799 309.50
800 310.00
802 310.00
803 311.00
804 311.00
805 312.00
806 312.00
807 312.50
808 313.00
809 313.00
810 314.00
811 315.00
813 318.00
816 322.00
817 322.00
818 322.00
819 323.00
820 323.00
821 323.50
822 324.00
823 324.00
824 325.00
826 325.00
827 326.00
830 326.00
831 325.00
838 325.00
839 326.00
840 326.00
841 327.00
842 327.00
843 328.00
844 328.00
845 329.00
846 329.00
847 330.00
848 330.00
849 331.00
850 331.00
851 333.00
853 336.00
856 340.00
857 340.00
858 340.50
859 341.00
860 341.50
861 342.00
862 342.50
863 343.00
864 343.50
865 344.00
866 345.00
867 345.50
868 346.00
870 350.50
871 349.60
872 348.50
873 351.00
874 349.50
875 348.25
876 346.00
877 348.50
878 347.00
879 349.75
880 350.67
881 352.00
882 350.00
883 352.50
884 352.50
885 350.00
886 355.50
887 359.25
888 357.50
889 358.00
890 355.80
891 357.40
892 365.00
893 365.00
894 365.50
895 364.33
896 363.75
897 364.00
898 365.50
899 365.75
900 367.00
901 367.00
902 365.00
903 369.83
904 366.00
905 370.75
906 376.50
908 379.00
909 379.00
910 373.50
911 374.00
912 374.50
913 372.67
914 378.00
915 376.25
916 376.75
917 375.00
918 380.33
919 378.50
920 381.00
921 380.00
922 380.50
923 374.00
926 379.80
927 387.50
928 388.00
929 383.20
931 385.00
932 387.33
933 388.75
934 389.25
935 390.67
936 390.50
937 388.00
938 393.00
939 397.50
940 397.40
941 391.00
942 396.75
943 400.50
944 399.20
945 395.00
946 397.33
947 399.50
948 395.00
949 400.75
950 400.20
951 399.75
952 405.33
953 406.50
954 406.75
955 408.50
956 404.67
957 407.00
958 406.25
959 413.50
960 414.00
961 406.00
963 412.00
964 411.00
965 419.00
966 418.00
967 419.33
968 416.75
969 416.88
970 418.00
971 420.00
972 421.00
973 417.67
974 424.50
975 422.25
976 419.00
977 421.00
978 420.00
980 420.00
981 420.50
982 426.00
983 428.50
984 437.00
985 437.00
986 432.00
987 432.00
988 434.67
989 440.00
990 440.00
991 441.00
992 440.00
994 434.60
995 445.00
999 438.00
1000 442.00
1001 446.33
1002 451.00
1003 452.00
1004 453.00
1005 452.00
1007 451.00
1008 446.00
1009 446.00
1011 449.00
1012 449.00
1013 449.50
1014 450.00
1015 450.00
1017 468.00
1018 468.00
1019 468.00
1025 472.50
1026 464.17
1027 467.29
1028 469.00
1029 468.00
1030 467.00
1031 468.00
1032 475.00
1033 481.00
1034 480.00
1035 477.33
1036 475.00
1037 484.00
1038 480.00
1039 486.30
1041 488.00
1042 482.00
1043 482.00
1044 482.00
1045 481.00
1048 496.00
1049 491.67
1050 491.75
1051 491.33
1052 494.75
1054 505.50
1055 496.17
1056 500.70
1057 502.50
1058 504.67
1059 500.00
1060 499.00
1061 503.50
1063 505.67
1064 512.00
1065 517.20
1066 515.44
1067 511.25
1068 513.33
1069 518.33
1070 520.14
1071 512.00
1072 517.00
1073 521.00
1074 519.00
1075 517.43
1076 518.00
1078 534.00
1079 530.50
1080 527.00
1081 530.00
1082 532.00
1083 540.50
1084 532.17
1087 531.00
1088 539.00
1089 547.00
1090 541.00
1093 536.50
1095 539.50
1096 555.00
1097 542.00
1098 558.00
1099 545.00
1100 546.50
1101 557.50
1103 555.50
1104 566.50
1105 558.83
1106 570.00
1107 571.50
1108 565.75
1110 576.50
1112 568.17
1113 564.00
1114 564.00
1115 582.00
1116 582.00
1117 583.50
1119 569.50
1120 571.50
1121 572.50
1122 584.17
1124 584.50
1125 579.50
1126 582.50
1127 595.50
1128 597.50
1129 593.38
1130 602.75
1131 597.50
1132 607.00
1133 598.17
1134 610.50
1135 606.33
1136 604.75
1137 596.00
1138 615.50
1139 617.00
1140 617.00
1141 617.00
1143 608.33
1144 612.25
1145 620.00
1146 614.50
1147 617.00
1148 617.44
1149 619.33
1150 615.50
1151 625.00
1152 631.50
1153 629.12
1154 639.00
1155 633.50
1156 643.00
1158 646.00
1159 647.50
1161 650.50
1162 645.67
1163 643.50
1164 643.50
1165 653.00
1167 641.60
1168 656.00
1169 649.00
1170 642.50
1171 654.83
1172 654.00
1173 656.88
1174 666.40
1175 670.12
1176 664.88
1177 680.60
1178 675.75
1179 673.71
1180 681.50
1181 679.80
1182 684.17
1183 685.33
1184 668.00
1185 686.33
1186 695.75
1187 696.00
1188 699.00
1189 699.00
1190 681.83
1191 689.75
1192 691.25
1193 687.67
1194 699.33
1195 690.42
1196 692.10
1197 696.11
1198 704.20
1199 700.20
1200 701.00
1201 703.00
1203 705.00
1204 705.00
1205 705.00
1206 707.00
1207 707.00
1208 707.00
1209 707.00
1211 735.00
1212 711.25
1213 725.56
1214 731.71
1215 723.80
1216 724.67
1217 723.33
1218 724.67
