4.91
8.37
9.24
11.84
7.51
7.79
4.62
0.00
9.24
5.77
4.62
4.62
10.10
6.93
4.33
10.97
5.20
4.91
0.29
5.20
0.58
4.91
0.58
2.89
2.31
4.91
0.58
4.91
3.46
5.20
3.46
5.48
0.58
0.00
5.20
5.48
5.77
4.62
4.62
3.46
4.62
1.73
4.91
4.91
0.58
4.62
2.31
2.60
0.58
4.62
0.58
4.91
2.31
4.33
4.91
0.29
3.46
4.91
4.33
5.77
6.06
0.87
4.62
0.87
4.91
2.89
4.62
0.58
4.33
2.31
4.33
2.60
0.58
0.58
0.00
0.00
0.29
0.29
0.00
0.00
0.00
0.00
0.00
0.29
0.29
0.29
0.29
2.31
0.87
0.58
1.73
3.75
0.00
0.29
0.58
0.29
0.00
5.48
5.48
0.58
5.48
0.00
3.46
1.44
4.33
2.60
0.58
2.02
0.58
0.58
2.02
0.58
0.58
2.02
2.89
0.29
2.89
1.44
0.00
0.58
0.00
0.00
0.00
4.04
1.15
0.87
0.87
1.44
3.18
2.60
3.18
0.00
0.29
1.44
2.89
1.15
0.58
1.44
3.75
1.44
3.18
4.62
4.91
4.91
4.91
4.91
0.87
0.00
0.29
4.33
2.60
3.46
1.44
3.46
3.18
2.60
0.29
0.00
0.00
0.58
0.29
0.58
1.15
2.60
0.00
4.33
4.33
3.46
4.62
4.62
1.15
0.87
0.29
0.00
1.15
2.60
1.44
0.87
2.60
0.29
0.58
2.31
2.60
0.58
0.00
2.02
0.00
0.00
0.00
0.87
0.58
0.29
3.18
1.73
3.75
3.46
2.89
2.89
4.33
4.04
0.87
4.33
4.04
4.04
4.04
4.04
1.15
1.15
2.60
3.18
3.46
3.46
2.31
0.00
3.18
3.18
2.89
2.89
3.18
3.18
2.02
2.89
2.89
2.89
0.29
2.02
0.00
3.18
3.46
3.46
0.00
3.46
3.46
3.75
3.75
3.75
3.75
3.75
3.75
4.04
2.60
3.46
3.46
3.46
3.75
1.44
1.15
1.15
2.31
2.89
3.18
3.18
3.18
3.18
3.18
0.00
2.89
3.18
3.18
2.89
2.89
2.89
2.89
3.18
1.15
2.89
2.89
3.18
3.18
3.18
2.31
3.46
3.18
3.18
3.46
3.18
3.18
3.18
2.89
3.46
3.18
2.89
3.46
2.89
0.29
3.18
3.46
3.18
3.46
3.18
3.46
3.18
3.46
3.46
3.46
3.46
3.46
0.00
2.89
3.18
0.00
2.60
2.60
0.00
2.60
2.60
2.89
2.89
2.89
2.89
2.89
2.89
2.89
2.89
2.89
2.89
2.60
2.60
2.89
2.89
2.60
2.60
2.89
2.89
2.89
3.18
3.18
2.89
3.18
3.18
3.18
3.18
0.58
3.46
3.18
3.46
2.89
3.18
0.00
2.89
1.73
2.60
2.89
2.31
2.31
2.60
2.31
1.73
2.60
2.60
1.73
2.89
2.02
2.60
2.60
2.60
2.60
2.60
2.89
2.60
2.60
2.89
2.89
2.60
3.18
2.89
3.18
2.89
3.18
2.02
2.02
0.00
3.18
3.18
3.18
2.89
3.18
0.58
1.73
0.87
0.87
2.31
2.60
2.60
2.31
2.31
1.73
1.73
2.60
2.60
0.00
2.60
2.60
2.02
2.31
1.73
1.73
2.31
2.60
2.60
2.31
0.00
2.89
2.60
2.89
0.29
0.00
0.00
0.00
0.00
0.00
0.00
0.00
0.00
0.00
0.00
0.00
0.00
0.00
0.58
0.58
0.00
0.58
0.29
0.00
0.00
0.00
0.00
0.58
0.58
0.58
2.31
2.31
0.00
2.60
0.87
2.02
0.00
2.02
1.73
0.87
2.60
2.60
0.00
0.00
0.00
0.00
0.00
2.31
2.60
2.60
2.60
2.31
2.02
1.44
1.73
0.00
0.00
1.73
1.73
0.00
0.00
0.00
0.00
0.00
0.00
0.00
0.00
0.58
0.00
0.00
2.02
2.60
2.60
1.73
2.31
0.00
1.15
2.31
2.02
0.00
0.00
0.00
2.60
2.60
0.00
1.15
0.00
2.31
2.31
2.31
2.02
2.02
1.73
0.00
1.15
1.44
0.00
0.00
0.29
0.00
0.00
0.00
1.15
1.15
0.00
0.00
0.00
2.02
2.89
2.89
3.46
0.00
0.87
3.75
3.18
0.00
2.02
2.89
2.89
0.00
3.18
2.89
1.73
1.15
0.00
0.87
2.02
1.73
0.00
0.00
0.00
0.00
0.00
0.00
0.00
0.00
0.00
0.00
0.00
0.00
0.00
0.00
0.00
0.00
0.00
0.00
0.29
0.00
0.00
0.00
0.00
0.00
0.00
0.29
0.00
0.00
0.00
0.58
0.58
0.00
0.00
0.00
0.00
0.00
0.29
0.00
0.00
0.00
0.00
0.00
0.00
0.00
0.00
0.00
0.00
0.00
0.00
0.00
0.00
0.00
0.00
0.00
0.00
0.00
0.00
0.58
0.58
0.00
0.00
0.29
0.00
0.29
0.00
0.29
0.00
0.29
0.00
0.00
0.29
0.00
0.29
2.02
2.31
1.73
3.18
2.89
0.58
3.46
0.87
3.18
3.18
3.18
0.58
3.18
2.89
0.00
3.18
2.02
2.60
2.89
2.89
2.31
0.00
0.00
0.29
1.44
1.73
1.73
1.44
1.73
1.73
1.15
0.00
2.31
0.00
2.31
0.29
0.00
0.00
3.75
4.04
3.75
4.04
4.04
4.04
4.04
4.04
4.04
3.75
4.04
3.46
3.75
0.00
2.89
0.29
0.00
2.02
0.00
2.02
2.02
2.02
2.02
1.44
0.00
2.31
0.29
2.60
0.00
2.89
1.44
2.02
2.60
3.75
3.75
0.87
3.75
3.75
4.33
4.04
4.04
4.04
2.89
3.46
3.75
3.75
0.29
0.00
3.18
0.87
0.00
0.00
0.87
0.29
2.60
2.89
2.89
1.73
2.31
1.44
2.31
1.44
0.00
0.58
0.00
0.00
0.29
4.33
4.33
0.00
0.00
4.04
4.04
4.33
0.00
0.00
0.00
0.00
4.04
0.00
0.00
3.46
3.75
0.00
0.58
0.00
0.00
4.04
0.00
0.00
0.00
0.00
0.29
0.00
0.00
0.00
0.00
0.00
1.44
2.31
3.18
0.00
0.58
0.00
0.00
4.04
0.58
0.00
1.73
2.31
2.89
2.31
2.60
0.58
0.00
0.87
0.87
0.00
0.00
2.02
3.18
2.60
1.15
0.29
3.18
4.33
1.44
1.73
0.58
0.00
0.29
2.89
0.00
1.44
3.46
2.60
2.89
1.15
3.75
0.00
0.00
2.31
0.00
1.44
0.00
0.58
0.29
1.15
4.62
4.62
0.29
4.91
0.00
4.62
0.00
4.62
0.29
0.29
0.58
0.58
0.58
0.58
0.29
4.33
4.33
0.29
4.62
0.58
0.29
4.91
0.29
4.91
0.00
0.00
0.00
0.00
0.29
0.29
0.29
0.29
4.62
4.91
0.87
0.87
0.29
0.29
4.33
0.58
4.91
0.58
4.91
0.29
4.62
5.20
0.00
0.29
0.00
0.00
0.00
5.20
4.62
0.00
4.91
0.00
4.91
4.91
1.15
3.46
0.29
4.62
0.58
4.91
0.58
0.58
0.29
0.29
5.20
5.48
5.48
0.00
5.48
0.00
5.20
0.29
4.91
5.20
15.01
14.15
12.70
4.62
7.51
11.55
10.97
0.29
4.91
9.81
10.10
0.00
9.81
4.04
4.04
3.46
4.04
8.95
8.37
8.08
7.79
3.18
5.20
4.91
5.77
0.87
2.02
0.58
0.00
0.00
0.00
0.00
0.00
0.00
0.00
0.00
0.00
0.58
6.35
2.89
1.15
1.15
1.15
0.87
